0 1
0 2
0 3
0 4
0 5
0 6
0 7
0 8
0 9
0 10
0 11
0 12
0 13
0 14
0 15
1 2
1 3
1 5
1 16
1 7
1 17
1 18
1 10
1 19
1 20
1 12
1 21
1 14
1 15
2 3
2 4
2 5
2 22
2 17
2 8
2 23
2 24
2 10
2 12
2 21
2 25
2 14
3 4
3 5
3 22
3 17
3 8
3 18
3 9
3 19
3 20
3 25
3 13
3 15
4 5
4 16
4 6
4 22
4 9
4 23
4 24
4 20
4 21
4 13
4 14
4 15
5 6
5 7
5 8
5 18
5 23
5 24
5 19
5 20
5 11
5 21
16 6
16 22
16 7
16 17
16 8
16 9
16 24
16 19
16 20
16 12
16 21
16 14
16 15
6 22
6 7
6 8
6 18
6 24
6 10
6 20
6 11
6 25
6 14
6 15
22 7
22 17
22 8
22 23
22 10
22 19
22 20
22 25
22 13
22 14
7 17
7 8
7 23
7 10
7 19
7 11
7 21
7 13
7 15
17 8
17 18
17 9
17 23
17 11
17 21
17 25
17 14
17 15
8 9
8 24
8 19
8 11
8 12
8 25
18 9
18 23
18 24
18 10
18 19
18 20
18 11
18 25
18 14
18 15
9 23
9 24
9 19
9 11
9 12
9 13
9 14
9 15
23 24
23 10
23 19
23 11
23 21
23 13
23 14
24 10
24 19
24 12
24 21
24 25
24 15
10 19
10 12
10 25
10 13
10 14
10 15
19 20
19 12
19 13
20 11
20 12
20 21
20 25
20 13
20 14
11 12
11 21
11 25
11 13
11 14
12 21
12 25
12 13
12 14
21 25
21 13
21 15
25 13
25 15
13 15